N
1 S 1 11420.0000000 0.000534980914 
1 S 2 1712.0000000 0.004137663095 
1 S 3 389.3000000 0.021250914908 
1 S 4 110.0000000 0.082576298811 
1 S 5 35.5700000 0.238413272749 
1 S 6 12.5400000 0.443431666123 
1 S 7 4.6440000 0.355431908787 
1 S 8 0.5118000 -0.008702901759 
2 S 9 11420.0000000 -0.000198776985 
2 S 10 1712.0000000 -0.001547003493 
2 S 11 389.3000000 -0.007992563300 
2 S 12 110.0000000 -0.032025565056 
2 S 13 35.5700000 -0.099110204811 
2 S 14 12.5400000 -0.228292774736 
2 S 15 4.6440000 -0.298182762726 
2 S 16 0.5118000 1.037000518236 
3 S 17 1.2930000 1.000000000000 
4 S 18 0.1787000 1.000000000000 
5 P 19 26.6300000 0.039807212297 
5 P 20 5.9480000 0.249002660480 
5 P 21 1.7420000 0.810479726693 
6 P 22 0.5550000 1.000000000000 
7 P 23 0.1725000 1.000000000000 
8 D 24 1.6540000 1.000000000000 
9 D 25 0.4690000 1.000000000000 
10 F 26 1.0930000 1.000000000000 
11 S 27 0.0576000 1.000000000000 
12 P 28 0.0491000 1.000000000000 
13 D 29 0.1510000 1.000000000000 
14 F 30 0.3640000 1.000000000000 
H1
15 S 31 33.8700000 0.025494863235 
15 S 32 5.0950000 0.190362765893 
15 S 33 1.1590000 0.852162022245 
16 S 34 0.3258000 1.000000000000 
17 S 35 0.1027000 1.000000000000 
18 P 36 1.4070000 1.000000000000 
19 P 37 0.3880000 1.000000000000 
20 D 38 1.0570000 1.000000000000 
21 S 39 0.0252600 1.000000000000 
22 P 40 0.1020000 1.000000000000 
23 D 41 0.2470000 1.000000000000 
H2
24 S 42 33.8700000 0.025494863235 
24 S 43 5.0950000 0.190362765893 
24 S 44 1.1590000 0.852162022245 
25 S 45 0.3258000 1.000000000000 
26 S 46 0.1027000 1.000000000000 
27 P 47 1.4070000 1.000000000000 
28 P 48 0.3880000 1.000000000000 
29 D 49 1.0570000 1.000000000000 
30 S 50 0.0252600 1.000000000000 
31 P 51 0.1020000 1.000000000000 
32 D 52 0.2470000 1.000000000000 